image_00000 114 219 139 245
image_00001 113 214 144 248
image_00002 112 210 144 247
image_00003 112 206 146 247
image_00004 113 204 145 246
image_00005 110 204 146 248
image_00006 110 205 146 248
image_00007 109 201 145 247
image_00008 110 201 146 247
image_00009 110 199 144 248
image_00010 107 199 144 247
image_00011 107 199 147 249
image_00012 106 198 149 248
image_00013 108 198 150 250
image_00014 106 199 144 250
image_00015 105 198 141 247
image_00016 106 192 143 248
image_00017 102 187 145 250
image_00018 101 187 148 249
image_00019 101 185 145 251
image_00020 100 185 147 251
image_00021 99 185 151 251
image_00022 98 183 150 251
image_00023 99 184 144 251
image_00024 99 185 146 250
image_00025 109 206 148 251
image_00026 122 212 149 252
image_00027 125 211 149 252
image_00028 125 215 146 251
image_00029 126 214 149 248
image_00030 126 215 150 247
image_00031 129 213 150 251
image_00032 129 215 149 250
image_00033 130 213 148 252
image_00034 131 213 151 251
image_00035 135 212 151 249
image_00036 136 211 154 252
image_00037 135 211 156 251
image_00038 133 211 158 251
image_00039 135 207 159 252
image_00040 134 208 162 251
image_00041 135 205 166 252
image_00042 133 206 164 252
image_00043 131 206 165 250
image_00044 135 199 164 246
image_00045 131 198 168 248
image_00046 140 197 168 226
image_00047 142 195 170 219
image_00048 144 197 170 221
image_00049 145 199 170 218
image_00050 150 196 170 219
image_00051 150 197 176 221
image_00052 150 197 171 220
image_00053 151 196 170 220
image_00054 151 196 171 219
image_00055 150 198 172 221
image_00056 148 197 170 219
image_00057 151 198 171 220
image_00058 151 197 170 218
image_00059 152 195 170 220
image_00060 152 196 175 219
image_00061 150 194 173 219
image_00062 152 196 173 220
image_00063 151 199 172 215
